%% Settings for plotting
RedAccent =[229/255,20/255,0/255];
BlueAccent =[76/255,174/255,227/255];
GreenAccent =[51/255,153/255,51/255];
White=[1 1 1];
Black=[0 0 0];
DefaultBlue=[0    0.4470    0.7410];
DefaultOrange=[0.8500    0.3250    0.0980];
DefaultYellow=[0.9290    0.6940    0.1250];
DefaultPurple=[0.4940    0.1840    0.5560];
DefaultGreen=[0.4660    0.6740    0.1880];
DefaultLightBlue=[0.3010    0.7450    0.9330];
DefaultCrimson=[0.6350    0.0780    0.1840];
MarkerSize=8;
MarkerLineWidth=2.5;
LineWidth=2.5;
PlotLineWidth=3;

% Data import
theta_thin = [10 10.02 10.04 10.06 10.08 10.1 10.12 10.14 10.16 10.18 10.2 10.22 10.24 10.26 10.28 10.3 10.32 10.34 10.36 10.38 10.4 10.42 10.44 10.46 10.48 10.5 10.52 10.54 10.56 10.58 10.6 10.62 10.64 10.66 10.68 10.7 10.72 10.74 10.76 10.78 10.8 10.82 10.84 10.86 10.88 10.9 10.92 10.94 10.96 10.98 11 11.02 11.04 11.06 11.08 11.1 11.12 11.14 11.16 11.18 11.2 11.22 11.24 11.26 11.28 11.3 11.32 11.34 11.36 11.38 11.4 11.42 11.44 11.46 11.48 11.5 11.52 11.54 11.56 11.58 11.6 11.62 11.64 11.66 11.68 11.7 11.72 11.74 11.76 11.78 11.8 11.82 11.84 11.86 11.88 11.9 11.92 11.94 11.96 11.98 12 12.02 12.04 12.06 12.08 12.1 12.12 12.14 12.16 12.18 12.2 12.22 12.24 12.26 12.28 12.3 12.32 12.34 12.36 12.38 12.4 12.42 12.44 12.46 12.48 12.5 12.52 12.54 12.56 12.58 12.6 12.62 12.64 12.66 12.68 12.7 12.72 12.74 12.76 12.78 12.8 12.82 12.84 12.86 12.88 12.9 12.92 12.94 12.96 12.98 13 13.02 13.04 13.06 13.08 13.1 13.12 13.14 13.16 13.18 13.2 13.22 13.24 13.26 13.28 13.3 13.32 13.34 13.36 13.38 13.4 13.42 13.44 13.46 13.48 13.5 13.52 13.54 13.56 13.58 13.6 13.62 13.64 13.66 13.68 13.7 13.72 13.74 13.76 13.78 13.8 13.82 13.84 13.86 13.88 13.9 13.92 13.94 13.96 13.98 14 14.02 14.04 14.06 14.08 14.1 14.12 14.14 14.16 14.18 14.2 14.22 14.24 14.26 14.28 14.3 14.32 14.34 14.36 14.38 14.4 14.42 14.44 14.46 14.48 14.5 14.52 14.54 14.56 14.58 14.6 14.62 14.64 14.66 14.67 14.69 14.71 14.73 14.75 14.77 14.79 14.81 14.83 14.85 14.87 14.89 14.91 14.93 14.95 14.97 14.99 15.01 15.03 15.05 15.07 15.09 15.11 15.13 15.15 15.17 15.19 15.21 15.23 15.25 15.27 15.29 15.31 15.33 15.35 15.37 15.39 15.41 15.43 15.45 15.47 15.49 15.51 15.53 15.55 15.57 15.59 15.61 15.63 15.65 15.67 15.69 15.71 15.73 15.75 15.77 15.79 15.81 15.83 15.85 15.87 15.89 15.91 15.93 15.95 15.97 15.99 16.01 16.03 16.05 16.07 16.09 16.11 16.13 16.15 16.17 16.19 16.21 16.23 16.25 16.27 16.29 16.31 16.33 16.35 16.37 16.39 16.41 16.43 16.45 16.47 16.49 16.51 16.53 16.55 16.57 16.59 16.61 16.63 16.65 16.67 16.69 16.71 16.73 16.75 16.77 16.79 16.81 16.83 16.85 16.87 16.89 16.91 16.93 16.95 16.97 16.99 17.01 17.03 17.05 17.07 17.09 17.11 17.13 17.15 17.17 17.19 17.21 17.23 17.25 17.27 17.29 17.31 17.33 17.35 17.37 17.39 17.41 17.43 17.45 17.47 17.49 17.51 17.53 17.55 17.57 17.59 17.61 17.63 17.65 17.67 17.69 17.71 17.73 17.75 17.77 17.79 17.81 17.83 17.85 17.87 17.89 17.91 17.93 17.95 17.97 17.99 18.01 18.03 18.05 18.07 18.09 18.11 18.13 18.15 18.17 18.19 18.21 18.23 18.25 18.27 18.29 18.31 18.33 18.35 18.37 18.39 18.41 18.43 18.45 18.47 18.49 18.51 18.53 18.55 18.57 18.59 18.61 18.63 18.65 18.67 18.69 18.71 18.73 18.75 18.77 18.79 18.81 18.83 18.85 18.87 18.89 18.91 18.93 18.95 18.97 18.99 19.01 19.03 19.05 19.07 19.09 19.11 19.13 19.15 19.17 19.19 19.21 19.23 19.25 19.27 19.29 19.31 19.33 19.35 19.37 19.39 19.41 19.43 19.45 19.47 19.49 19.51 19.53 19.55 19.57 19.59 19.61 19.63 19.65 19.67 19.69 19.71 19.73 19.75 19.77 19.79 19.81 19.83 19.85 19.87 19.89 19.91 19.93 19.95 19.97 19.99 20.01 20.03 20.05 20.07 20.09 20.11 20.13 20.15 20.17 20.19 20.21 20.23 20.25 20.27 20.29 20.31 20.33 20.35 20.37 20.39 20.41 20.43 20.45 20.47 20.49 20.51 20.53 20.55 20.57 20.59 20.61 20.63 20.65 20.67 20.69 20.71 20.73 20.75 20.77 20.79 20.81 20.83 20.85 20.87 20.89 20.91 20.93 20.95 20.97 20.99 21.01 21.03 21.05 21.07 21.09 21.11 21.13 21.15 21.17 21.19 21.21 21.23 21.25 21.27 21.29 21.31 21.33 21.35 21.37 21.39 21.41 21.43 21.45 21.47 21.49 21.51 21.53 21.55 21.57 21.59 21.61 21.63 21.65 21.67 21.69 21.71 21.73 21.75 21.77 21.79 21.81 21.83 21.85 21.87 21.89 21.91 21.93 21.95 21.97 21.99 22.01 22.03 22.05 22.07 22.09 22.11 22.13 22.15 22.17 22.19 22.21 22.23 22.25 22.27 22.29 22.31 22.33 22.35 22.37 22.39 22.41 22.43 22.45 22.47 22.49 22.51 22.53 22.55 22.57 22.59 22.61 22.63 22.65 22.67 22.69 22.71 22.73 22.75 22.77 22.79 22.81 22.83 22.85 22.87 22.89 22.91 22.93 22.95 22.97 22.99 23.01 23.03 23.05 23.07 23.09 23.11 23.13 23.15 23.17 23.19 23.21 23.23 23.25 23.27 23.29 23.31 23.33 23.35 23.37 23.39 23.41 23.43 23.45 23.47 23.49 23.51 23.53 23.55 23.57 23.59 23.61 23.63 23.65 23.67 23.69 23.71 23.73 23.75 23.77 23.79 23.81 23.83 23.85 23.87 23.89 23.91 23.93 23.95 23.97 23.99 24.01 24.02 24.04 24.06 24.08 24.1 24.12 24.14 24.16 24.18 24.2 24.22 24.24 24.26 24.28 24.3 24.32 24.34 24.36 24.38 24.4 24.42 24.44 24.46 24.48 24.5 24.52 24.54 24.56 24.58 24.6 24.62 24.64 24.66 24.68 24.7 24.72 24.74 24.76 24.78 24.8 24.82 24.84 24.86 24.88 24.9 24.92 24.94 24.96 24.98 25 25.02 25.04 25.06 25.08 25.1 25.12 25.14 25.16 25.18 25.2 25.22 25.24 25.26 25.28 25.3 25.32 25.34 25.36 25.38 25.4 25.42 25.44 25.46 25.48 25.5 25.52 25.54 25.56 25.58 25.6 25.62 25.64 25.66 25.68 25.7 25.72 25.74 25.76 25.78 25.8 25.82 25.84 25.86 25.88 25.9 25.92 25.94 25.96 25.98 26 26.02 26.04 26.06 26.08 26.1 26.12 26.14 26.16 26.18 26.2 26.22 26.24 26.26 26.28 26.3 26.32 26.34 26.36 26.38 26.4 26.42 26.44 26.46 26.48 26.5 26.52 26.54 26.56 26.58 26.6 26.62 26.64 26.66 26.68 26.7 26.72 26.74 26.76 26.78 26.8 26.82 26.84 26.86 26.88 26.9 26.92 26.94 26.96 26.98 27 27.02 27.04 27.06 27.08 27.1 27.12 27.14 27.16 27.18 27.2 27.22 27.24 27.26 27.28 27.3 27.32 27.34 27.36 27.38 27.4 27.42 27.44 27.46 27.48 27.5 27.52 27.54 27.56 27.58 27.6 27.62 27.64 27.66 27.68 27.7 27.72 27.74 27.76 27.78 27.8 27.82 27.84 27.86 27.88 27.9 27.92 27.94 27.96 27.98 28 28.02 28.04 28.06 28.08 28.1 28.12 28.14 28.16 28.18 28.2 28.22 28.24 28.26 28.28 28.3 28.32 28.34 28.36 28.38 28.4 28.42 28.44 28.46 28.48 28.5 28.52 28.54 28.56 28.58 28.6 28.62 28.64 28.66 28.68 28.7 28.72 28.74 28.76 28.78 28.8 28.82 28.84 28.86 28.88 28.9 28.92 28.94 28.96 28.98 29 29.02 29.04 29.06 29.08 29.1 29.12 29.14 29.16 29.18 29.2 29.22 29.24 29.26 29.28 29.3 29.32 29.34 29.36 29.38 29.4 29.42 29.44 29.46 29.48 29.5 29.52 29.54 29.56 29.58 29.6 29.62 29.64 29.66 29.68 29.7 29.72 29.74 29.76 29.78 29.8 29.82 29.84 29.86 29.88 29.9 29.92 29.94 29.96 29.98 30 30.02 30.04 30.06 30.08 30.1 30.12 30.14 30.16 30.18 30.2 30.22 30.24 30.26 30.28 30.3 30.32 30.34 30.36 30.38 30.4 30.42 30.44 30.46 30.48 30.5 30.52 30.54 30.56 30.58 30.6 30.62 30.64 30.66 30.68 30.7 30.72 30.74 30.76 30.78 30.8 30.82 30.84 30.86 30.88 30.9 30.92 30.94 30.96 30.98 31 31.02 31.04 31.06 31.08 31.1 31.12 31.14 31.16 31.18 31.2 31.22 31.24 31.26 31.28 31.3 31.32 31.34 31.36 31.38 31.4 31.42 31.44 31.46 31.48 31.5 31.52 31.54 31.56 31.58 31.6 31.62 31.64 31.66 31.68 31.7 31.72 31.74 31.76 31.78 31.8 31.82 31.84 31.86 31.88 31.9 31.92 31.94 31.96 31.98 32 32.02 32.04 32.06 32.08 32.1 32.12 32.14 32.16 32.18 32.2 32.22 32.24 32.26 32.28 32.3 32.32 32.34 32.36 32.38 32.4 32.42 32.44 32.46 32.48 32.5 32.52 32.54 32.56 32.58 32.6 32.62 32.64 32.66 32.68 32.7 32.72 32.74 32.76 32.78 32.8 32.82 32.84 32.86 32.88 32.9 32.92 32.94 32.96 32.98 33 33.02 33.04 33.06 33.08 33.1 33.12 33.14 33.16 33.18 33.2 33.22 33.24 33.26 33.28 33.3 33.32 33.34 33.35 33.37 33.39 33.41 33.43 33.45 33.47 33.49 33.51 33.53 33.55 33.57 33.59 33.61 33.63 33.65 33.67 33.69 33.71 33.73 33.75 33.77 33.79 33.81 33.83 33.85 33.87 33.89 33.91 33.93 33.95 33.97 33.99 34.01 34.03 34.05 34.07 34.09 34.11 34.13 34.15 34.17 34.19 34.21 34.23 34.25 34.27 34.29 34.31 34.33 34.35 34.37 34.39 34.41 34.43 34.45 34.47 34.49 34.51 34.53 34.55 34.57 34.59 34.61 34.63 34.65 34.67 34.69 34.71 34.73 34.75 34.77 34.79 34.81 34.83 34.85 34.87 34.89 34.91 34.93 34.95 34.97 34.99 35.01 35.03 35.05 35.07 35.09 35.11 35.13 35.15 35.17 35.19 35.21 